100 4860
84 28 14
43 1 3
88 40 21
10 35 26
3 88 12
48 56 28
87 47 12
29 36 17
13 35 11
35 96 1
82 32 2
17 27 15
79 15 15
51 25 12
6 81 10
59 81 8
6 68 6
70 50 14
48 63 9
48 50 17
1 84 11
82 1 11
16 32 26
42 83 4
3 89 25
52 1 18
61 7 28
66 29 18
11 77 14
91 26 24
19 27 29
32 61 2
72 77 15
27 71 18
60 74 30
26 78 1
25 39 18
93 58 18
10 69 15
43 61 13
79 80 20
47 64 21
68 36 30
74 64 1
12 76 27
91 55 5
71 80 17
10 73 15
79 36 26
26 31 29
98 10 2
50 9 6
62 30 23
4 46 5
16 74 24
59 29 28
82 10 6
93 35 12
24 71 8
50 55 6
49 65 29
51 27 5
13 57 27
17 61 5
34 30 9
37 41 21
56 24 1
84 69 18
25 93 12
54 44 7
32 45 22
90 48 29
94 13 8
32 83 22
68 17 14
27 6 25
67 14 21
69 98 30
6 24 6
19 30 30
35 62 7
69 53 5
29 99 28
47 84 21
78 52 10
43 79 18
97 98 13
80 19 13
79 78 17
24 97 30
65 33 12
3 2 7
37 31 27
37 30 21
19 60 23
71 3 5
28 53 15
52 33 25
75 64 5
73 41 12
2 58 7
94 62 11
42 51 15
38 40 25
70 60 26
55 83 21
19 63 14
85 16 9
71 91 14
35 64 17
49 19 25
95 65 7
96 7 11
32 46 11
46 68 13
73 23 26
56 94 30
39 80 6
60 3 19
45 39 25
71 40 24
55 35 19
54 83 17
4 15 5
94 14 3
97 39 19
34 95 25
83 87 7
0 47 11
8 92 2
33 63 22
28 70 9
89 24 13
57 80 30
71 75 26
5 24 26
15 58 11
20 94 10
96 55 21
27 88 16
50 68 27
9 57 13
3 14 24
64 37 1
40 95 25
55 10 15
17 30 9
67 87 4
15 35 9
8 15 19
63 65 19
41 26 7
96 29 3
79 94 21
41 34 16
27 41 6
71 10 9
10 29 8
95 45 13
35 53 18
15 68 6
63 10 22
21 58 4
94 37 10
56 30 6
61 57 17
28 48 9
90 78 16
37 23 29
72 28 8
87 48 5
51 10 27
72 68 22
18 57 1
74 87 6
87 44 14
16 25 12
46 15 20
62 5 5
2 77 23
29 65 24
66 68 14
82 92 13
63 11 30
55 37 18
40 25 24
63 93 1
34 39 7
36 1 24
0 65 16
17 18 12
85 81 26
30 65 1
93 55 6
30 84 8
55 9 23
48 60 19
88 78 5
41 1 18
97 1 23
34 71 13
37 8 16
74 38 2
74 31 9
81 14 25
80 69 4
42 70 6
90 10 14
27 3 7
24 0 9
86 51 29
23 59 14
66 23 12
4 56 16
30 36 28
66 78 30
61 69 30
35 48 5
13 72 26
43 44 9
67 4 14
16 54 13
40 35 19
96 83 20
35 63 2
96 84 23
96 97 5
53 90 15
97 35 15
16 91 21
84 45 3
76 32 21
73 15 10
58 19 17
83 58 25
18 42 14
67 47 27
58 13 16
45 8 24
88 18 9
33 62 5
65 92 20
33 44 30
52 30 4
15 65 24
21 36 16
24 3 5
33 13 1
68 64 9
31 52 29
49 44 11
34 88 10
38 71 5
53 36 20
27 72 6
3 28 2
36 41 2
27 52 12
43 50 22
17 34 4
77 83 1
49 17 29
9 27 12
98 17 1
22 54 24
50 85 11
92 29 20
96 92 15
98 94 4
32 99 21
67 49 3
36 40 24
44 1 11
57 99 10
97 74 14
40 24 12
62 83 17
54 37 16
0 60 20
52 13 30
53 15 28
93 60 2
95 32 9
46 22 8
72 17 1
97 50 3
17 12 17
34 19 14
1 71 15
0 75 20
71 29 5
79 22 27
30 69 29
91 68 3
48 40 13
50 89 3
73 59 18
79 93 29
74 94 22
30 46 18
99 18 27
60 83 10
82 12 3
2 66 4
94 38 4
36 61 7
95 0 18
88 58 5
34 32 27
86 50 15
73 99 28
57 31 30
21 53 22
87 76 8
26 50 14
39 96 29
39 26 29
49 30 13
88 16 28
17 71 19
69 18 8
0 99 29
53 82 8
30 60 4
80 73 25
28 34 14
6 82 13
36 17 14
5 84 11
59 53 14
39 22 15
28 22 6
86 28 19
36 58 1
11 90 4
26 70 28
79 77 13
34 65 10
29 70 26
61 82 19
64 21 2
90 50 16
68 88 4
76 24 14
96 36 24
41 14 17
21 45 24
35 79 11
14 8 12
81 21 4
49 38 27
92 28 29
58 48 30
55 7 13
91 52 27
5 68 8
3 13 23
82 24 9
43 57 20
64 72 11
2 60 4
83 99 4
31 78 7
8 33 16
32 77 11
98 34 21
37 74 20
72 50 20
67 59 1
83 31 12
38 91 7
73 42 2
4 72 30
64 6 16
35 47 12
95 85 2
21 96 4
23 96 3
82 68 6
13 59 24
57 17 9
99 48 6
72 8 30
30 55 19
65 90 7
38 37 22
49 11 10
84 34 26
86 17 5
75 99 10
93 48 22
93 53 14
1 74 4
56 93 1
98 11 1
88 62 11
51 61 15
85 9 14
54 25 18
37 52 7
28 97 27
19 91 30
82 44 25
27 53 8
28 90 22
42 40 3
55 26 21
16 99 25
41 48 24
46 97 3
43 93 2
34 43 7
31 19 6
84 36 6
87 16 6
31 10 8
25 17 24
5 34 16
92 27 24
32 19 8
26 43 4
69 49 5
70 76 22
58 44 27
41 6 4
19 24 10
54 68 28
89 35 3
22 55 2
35 69 22
21 9 8
92 37 30
2 33 26
43 39 22
61 14 11
37 76 7
5 65 26
49 48 20
49 50 17
70 1 18
79 38 2
68 37 24
1 15 9
92 76 21
7 8 20
83 94 26
48 21 9
27 23 19
38 72 9
84 43 20
4 74 30
15 95 18
81 96 23
89 80 2
48 88 22
83 82 9
83 3 9
10 26 27
49 51 27
85 46 8
89 72 7
57 67 16
38 64 30
27 5 10
91 5 18
71 2 24
33 53 9
34 56 27
72 2 4
61 75 2
47 56 19
63 18 8
68 55 12
8 27 24
31 54 6
17 59 14
3 16 10
75 70 5
37 97 6
7 40 15
16 50 24
52 66 4
31 86 1
72 95 20
67 78 26
62 95 6
17 99 24
96 74 6
32 63 24
49 71 26
66 39 8
51 91 24
90 16 7
85 6 24
63 1 8
11 8 5
92 36 12
76 52 27
25 75 22
91 14 29
42 5 15
48 79 5
65 77 2
71 42 17
24 21 28
85 65 30
20 9 9
1 85 23
77 10 8
40 54 22
41 96 19
45 97 20
91 62 19
22 85 11
68 9 2
78 94 19
49 15 30
44 21 7
6 60 17
12 61 18
61 71 25
58 60 6
20 30 18
5 90 9
88 61 14
89 28 5
51 96 11
24 94 28
85 33 2
98 60 3
70 37 1
82 52 13
13 42 10
55 52 17
31 92 10
56 81 10
41 84 26
94 35 23
92 47 17
62 84 18
97 89 22
10 83 2
17 35 18
38 57 23
97 4 30
6 32 21
41 44 5
41 20 28
25 19 17
66 61 19
49 54 6
84 13 27
63 51 4
76 48 24
25 52 15
31 11 27
83 4 23
27 45 6
86 23 5
42 89 18
60 39 24
48 23 17
84 39 28
29 67 28
72 92 21
86 75 14
33 58 18
75 85 24
42 72 9
47 76 18
86 82 16
62 48 2
53 18 21
20 35 25
64 57 21
39 90 6
49 80 14
34 15 26
58 73 5
77 20 24
4 7 6
31 21 4
11 86 7
99 50 1
56 0 22
99 36 21
79 99 27
47 19 22
24 39 15
80 98 20
44 57 4
8 43 10
7 93 2
15 45 23
14 33 5
93 91 20
40 10 3
16 2 17
48 0 28
11 72 12
20 65 10
63 57 29
8 10 15
53 65 21
39 69 9
71 14 12
12 6 23
44 22 15
82 70 7
19 33 29
1 53 17
42 68 14
43 28 26
59 34 1
96 46 2
9 53 16
5 75 30
40 98 28
59 31 27
12 37 13
7 57 18
62 9 11
73 50 4
5 72 20
51 13 11
4 88 9
48 82 17
7 13 5
60 53 20
46 16 1
18 41 1
63 46 5
52 49 18
55 6 8
63 38 19
11 20 28
70 85 2
94 40 11
73 0 14
54 98 22
96 16 5
37 79 11
1 83 13
31 38 9
0 53 9
21 16 11
88 39 6
61 33 6
71 59 28
15 18 11
83 43 10
14 65 13
67 36 5
87 57 21
27 97 10
53 58 4
69 7 26
87 69 12
57 48 4
7 37 29
96 42 5
5 4 3
54 6 28
65 41 20
39 16 23
47 55 13
90 38 3
47 38 28
7 27 19
55 84 17
49 81 3
5 26 2
34 91 23
33 90 28
25 6 13
72 62 17
62 0 11
61 90 9
58 75 25
24 35 7
75 93 27
18 98 2
9 37 17
67 19 21
29 17 25
81 48 27
71 88 27
89 46 13
43 22 9
30 71 11
84 0 27
34 11 6
71 0 6
43 12 5
60 87 19
60 75 30
0 31 21
98 63 6
45 92 5
19 38 11
19 6 5
83 84 29
35 29 4
63 76 12
95 76 24
15 75 9
83 48 3
28 40 8
0 30 10
71 36 15
54 20 5
75 20 13
37 67 2
82 35 19
90 18 27
23 98 17
22 98 17
71 70 15
57 76 18
3 18 29
52 59 16
58 9 4
77 30 6
12 78 9
30 74 14
29 62 18
68 49 26
78 14 22
86 7 11
90 64 20
26 80 28
74 62 23
49 43 17
46 23 28
15 24 15
45 54 19
78 50 13
64 9 15
19 3 5
36 72 15
35 50 7
12 25 29
16 26 15
83 73 10
82 40 4
68 85 29
16 15 11
10 32 1
85 3 6
1 39 30
85 74 10
1 87 7
32 3 4
6 38 9
55 20 9
28 88 24
8 56 21
22 83 25
26 30 8
43 92 11
44 31 10
76 86 13
34 77 13
30 70 9
5 30 27
95 21 26
18 4 12
44 86 20
61 35 3
5 58 19
47 75 2
13 23 12
91 48 16
38 43 8
55 13 4
77 9 11
56 23 18
30 28 6
0 17 3
99 44 4
33 48 9
8 49 12
1 93 12
76 31 8
25 86 21
31 15 1
71 23 4
50 5 4
36 6 13
0 57 17
34 42 7
84 50 9
26 3 22
67 80 5
4 57 13
7 88 29
19 11 2
2 62 10
95 50 29
4 78 15
69 97 26
47 1 17
66 33 21
23 42 25
30 83 23
49 94 17
3 8 26
72 6 13
74 57 29
85 60 15
35 45 14
88 53 1
21 15 4
15 69 6
98 32 7
93 30 2
1 17 24
60 99 19
69 37 24
14 75 24
81 10 11
94 50 14
74 23 29
29 38 30
66 37 24
35 70 20
47 21 30
68 11 23
83 38 8
64 0 10
10 50 15
37 73 5
66 11 4
33 0 28
37 34 1
83 70 24
42 17 17
93 86 10
37 21 28
86 37 18
85 47 28
12 63 14
76 78 29
76 65 8
11 58 21
33 73 15
2 9 8
40 9 15
61 98 13
50 36 28
50 75 19
86 88 14
89 64 13
55 15 28
88 74 22
50 21 14
45 9 1
47 97 21
97 73 9
29 44 6
14 77 30
33 17 20
7 60 22
81 44 23
91 41 13
23 88 30
63 86 5
67 6 8
48 2 5
70 55 9
99 76 3
16 86 22
77 97 23
73 72 4
14 4 8
2 85 23
40 26 3
59 84 11
8 86 15
30 42 24
87 97 9
48 26 19
43 99 21
76 13 5
71 58 17
63 36 20
23 21 22
83 7 6
13 1 21
94 72 30
91 80 9
18 38 24
17 20 20
83 6 8
99 78 18
7 41 14
46 7 10
54 5 25
7 87 9
2 12 18
20 2 11
89 75 22
72 81 29
97 31 22
23 9 20
69 75 7
85 83 24
44 14 11
98 78 20
70 33 30
59 8 14
84 89 4
59 49 12
90 2 25
52 71 26
21 92 22
84 12 25
98 35 23
29 84 13
62 26 14
70 49 8
97 60 26
39 62 12
43 86 8
16 78 21
6 63 2
48 25 30
54 47 19
91 7 4
40 67 21
54 75 29
53 44 9
59 89 30
93 23 25
52 39 19
0 16 18
54 64 29
90 13 25
2 44 23
46 95 6
57 54 7
97 99 3
3 51 22
61 4 10
49 10 24
36 52 4
79 65 28
9 29 26
53 84 11
95 39 13
28 1 27
78 2 29
43 21 20
32 25 23
11 42 20
66 79 24
18 89 3
59 14 10
95 67 8
35 19 26
35 42 16
24 11 21
6 74 23
18 92 3
13 11 4
85 76 10
97 91 11
29 95 12
8 30 14
80 30 3
72 88 17
55 58 12
69 71 13
72 9 29
3 58 22
15 2 2
57 68 3
71 74 15
3 4 17
76 44 26
6 52 27
60 76 26
90 31 14
12 46 19
43 3 25
56 55 12
24 38 5
50 82 29
6 50 5
51 17 8
6 75 2
32 35 28
20 26 11
65 38 7
42 47 10
66 35 26
16 69 24
75 72 20
26 89 27
32 65 20
16 52 17
88 30 19
67 54 20
6 58 22
94 63 21
63 87 16
87 56 4
29 55 8
46 34 24
72 29 22
26 49 1
45 55 20
64 51 27
22 64 1
86 94 26
35 33 25
64 88 2
62 75 18
61 41 12
72 84 11
3 49 22
89 23 17
12 69 25
64 4 29
50 20 29
83 41 5
88 87 12
83 11 8
78 87 27
2 53 30
63 17 29
50 33 5
70 84 7
81 55 10
38 76 27
49 5 2
16 84 29
3 53 22
21 52 22
85 52 13
45 18 14
98 95 17
74 73 18
80 85 4
16 83 8
54 39 12
7 12 6
11 18 4
84 61 9
36 43 17
6 59 17
24 57 25
32 17 10
64 2 6
80 38 13
86 77 24
93 89 21
4 59 25
16 30 17
75 79 1
84 23 15
16 40 24
80 95 29
12 85 4
98 14 19
44 55 10
48 14 4
89 87 20
19 55 1
55 82 12
67 66 25
11 35 27
96 15 24
97 80 19
10 30 25
99 37 16
14 72 7
53 42 6
8 94 13
42 25 12
8 31 25
43 29 24
11 23 21
43 53 13
73 98 1
48 97 21
23 63 5
26 27 27
72 21 9
49 35 30
32 59 5
85 54 21
38 86 5
36 9 5
86 21 28
68 18 13
47 46 17
21 17 7
56 96 19
67 70 21
52 8 28
58 40 29
97 94 25
6 48 13
27 77 23
22 16 28
68 73 29
85 31 27
33 69 17
4 22 29
64 11 7
4 39 24
51 56 12
99 58 29
84 91 27
53 64 18
17 19 29
91 69 15
2 26 21
42 31 22
85 84 30
8 63 26
8 16 27
99 64 3
23 33 2
51 76 22
47 30 10
99 24 13
3 74 20
95 42 15
55 5 10
18 76 26
17 92 28
30 43 14
83 14 2
60 29 5
34 38 13
96 71 20
53 81 19
50 51 15
37 20 7
93 66 18
46 50 30
82 16 23
42 45 28
76 84 2
94 69 29
17 10 22
98 59 14
82 21 3
45 85 1
3 84 11
96 85 5
42 6 25
46 62 9
91 64 4
15 92 2
61 29 24
5 16 16
83 20 30
3 21 11
51 58 7
31 58 4
29 20 4
20 36 8
46 74 13
91 45 4
20 8 21
37 13 24
96 82 5
0 40 12
46 56 13
4 42 14
76 55 6
22 87 28
65 84 23
85 92 14
74 58 29
35 65 8
35 57 11
44 89 11
47 65 26
22 30 3
96 69 30
61 5 14
99 98 27
73 8 26
82 26 8
17 54 3
13 43 13
60 8 30
83 91 2
31 12 1
93 18 15
44 68 3
17 76 20
78 96 4
5 96 25
89 13 19
91 27 2
5 39 3
34 74 26
16 6 18
78 51 18
4 95 16
39 64 12
68 43 1
84 48 27
68 89 2
37 40 15
19 39 13
69 70 14
36 74 21
24 13 28
35 34 23
47 18 21
3 86 2
25 45 6
25 38 23
15 32 5
13 77 11
1 51 23
25 65 20
71 12 20
53 16 28
24 93 26
31 70 14
67 91 13
28 27 11
30 78 4
7 95 23
72 46 5
85 67 20
53 75 7
46 80 28
68 75 4
8 42 15
80 58 5
61 86 22
21 68 20
0 5 24
85 73 5
38 48 11
36 80 9
49 7 17
42 80 25
42 12 25
43 18 10
13 19 12
14 7 2
4 12 27
7 78 18
14 76 26
75 35 22
47 74 3
90 87 27
85 57 6
91 37 27
19 62 17
6 89 22
87 10 28
87 84 22
77 23 19
14 80 16
31 80 27
20 23 24
16 89 7
76 81 17
67 53 19
33 59 10
35 99 10
4 86 5
5 15 28
45 81 11
84 8 16
52 97 22
29 31 9
18 81 16
20 68 7
79 72 25
75 30 2
43 75 3
95 18 8
27 30 4
35 95 27
85 58 28
16 68 26
96 99 30
65 46 29
89 82 25
9 47 17
4 17 16
83 47 20
19 42 16
4 53 5
69 24 23
65 75 22
30 73 13
72 56 29
91 90 8
90 8 4
8 24 27
55 25 26
50 12 12
55 66 4
28 35 30
41 0 16
64 83 11
56 6 29
46 43 20
55 36 28
31 13 15
56 60 27
61 34 28
90 69 20
83 21 27
99 56 7
78 11 4
21 28 22
76 16 11
56 15 23
63 83 9
38 36 12
1 16 20
44 63 23
65 43 6
94 12 16
4 45 6
72 82 19
41 3 10
21 99 5
15 64 9
60 10 3
65 10 6
53 79 20
50 24 4
93 87 27
73 4 19
7 22 12
62 23 25
29 77 29
41 88 1
98 4 6
9 89 21
40 78 2
64 94 5
3 70 10
8 70 7
80 6 29
41 94 29
19 94 30
0 63 12
9 4 25
1 34 26
65 28 22
20 98 24
28 69 30
11 33 21
69 11 4
15 71 25
3 75 12
18 78 13
22 72 14
57 59 21
20 84 27
1 5 26
97 33 2
73 67 20
1 64 28
98 88 9
31 60 23
97 61 30
63 25 20
12 10 22
64 55 2
62 78 18
81 71 13
61 70 29
59 58 8
91 18 22
88 32 22
3 9 11
82 9 3
54 71 11
61 52 5
35 86 30
66 27 20
85 40 10
69 1 4
63 50 28
18 33 30
81 39 21
73 52 24
37 88 2
89 36 19
96 80 14
33 20 24
2 74 19
81 30 2
83 27 22
68 38 15
18 12 25
7 52 26
55 49 14
52 29 19
63 88 5
41 21 27
33 98 16
84 93 1
20 0 25
74 82 20
54 19 20
18 59 16
11 80 12
98 89 28
96 14 2
38 50 7
51 99 14
71 99 30
91 40 30
73 61 20
93 62 20
52 40 11
85 23 9
74 92 27
35 90 22
86 89 27
29 7 7
79 17 27
78 33 29
63 9 8
89 53 4
29 39 1
20 62 29
32 48 29
80 29 30
97 55 23
53 86 17
27 70 2
20 71 19
40 86 18
2 59 9
4 0 1
36 48 21
68 78 20
64 70 12
82 34 14
64 41 13
3 77 4
62 38 6
24 62 24
92 95 9
78 59 9
2 19 1
35 77 30
70 91 3
46 54 26
39 98 1
97 76 2
77 78 23
92 4 15
63 95 1
68 22 21
13 83 15
58 82 12
79 76 1
8 68 20
38 52 12
42 87 7
89 69 26
63 59 23
89 54 30
26 42 17
84 24 20
88 57 28
66 86 18
95 86 28
47 27 13
89 34 12
15 76 20
51 52 9
32 49 20
34 76 4
96 9 3
65 31 20
60 69 17
9 49 14
72 16 2
64 67 6
12 99 15
1 40 13
91 6 19
15 28 25
23 5 4
47 73 27
11 41 2
24 92 16
77 85 20
20 91 8
39 93 23
4 79 28
11 51 2
84 27 24
77 18 30
22 25 9
7 64 2
40 96 25
60 55 1
51 47 6
39 68 29
3 52 26
78 82 16
29 4 21
13 47 12
9 93 12
17 44 11
51 95 10
86 18 13
74 21 28
41 51 20
38 78 25
61 99 12
70 51 13
61 0 22
47 71 26
73 44 23
11 92 17
26 32 27
67 48 11
66 1 6
44 16 6
97 19 25
20 95 11
59 39 2
37 71 28
74 42 11
45 74 7
63 67 21
59 51 10
79 46 20
96 93 6
8 4 27
49 42 11
78 70 29
21 67 25
87 30 13
49 61 27
77 40 11
38 88 25
98 50 13
54 95 7
24 75 18
91 30 27
26 87 11
87 51 1
79 62 1
66 17 7
11 67 8
25 27 16
80 22 23
56 97 2
48 27 21
28 8 5
67 60 27
40 5 26
3 95 24
82 63 6
4 47 23
1 20 3
81 70 4
64 98 25
48 65 27
14 64 21
90 58 11
8 78 26
7 71 30
11 84 23
77 45 21
82 27 13
92 49 14
70 74 30
93 33 23
94 96 23
52 94 1
24 29 20
87 58 13
74 98 23
27 42 15
40 12 9
67 81 24
19 76 17
37 43 21
66 94 10
95 79 2
45 13 9
8 13 18
9 44 6
42 50 15
18 66 22
61 58 8
56 38 14
14 85 15
95 31 9
55 18 8
7 70 8
20 27 2
38 23 21
88 80 12
6 73 15
16 33 13
40 93 21
47 63 21
23 58 23
65 1 15
66 59 8
72 24 30
35 16 14
27 64 17
9 84 12
33 42 4
46 76 9
66 7 11
50 54 19
91 46 5
63 22 5
50 39 10
78 3 18
39 87 29
58 32 10
52 84 3
98 28 9
72 74 9
11 15 9
66 63 29
53 11 13
51 93 9
22 93 28
53 24 26
67 5 30
3 29 18
83 17 10
58 56 4
25 76 10
88 84 6
70 47 1
95 60 23
41 8 1
71 87 14
40 39 14
89 25 2
77 99 16
16 7 3
0 86 10
94 47 10
84 57 14
27 37 4
92 77 17
23 18 26
22 73 30
36 62 13
75 23 27
74 54 26
8 38 23
34 86 1
3 72 23
90 71 11
93 44 26
83 33 18
77 60 11
56 70 13
94 84 29
33 5 21
14 50 1
16 92 2
36 7 29
30 4 24
65 37 3
42 97 13
78 29 16
54 58 21
96 66 24
43 27 24
27 63 12
77 1 11
14 73 5
78 44 22
3 10 28
67 84 2
66 90 9
87 45 5
86 30 13
20 6 22
98 3 6
2 65 3
15 97 19
2 0 9
17 67 9
95 6 16
19 23 25
6 53 29
49 99 19
7 42 9
10 57 21
78 25 29
77 42 23
40 34 26
7 6 9
73 64 5
83 69 3
83 35 1
10 85 1
87 5 11
29 27 1
27 95 15
82 3 11
26 97 21
91 32 30
39 99 15
32 9 20
34 54 21
34 31 14
61 25 19
40 62 3
31 94 29
92 42 13
47 72 6
31 6 18
47 88 6
45 20 4
56 33 21
39 8 20
71 57 16
3 93 29
90 93 3
14 68 27
73 27 4
61 22 29
33 68 17
67 90 15
53 29 3
54 53 22
9 56 6
54 4 17
40 46 2
24 12 30
46 3 16
32 23 2
99 14 16
59 11 19
61 20 17
66 75 13
8 17 30
7 73 16
62 6 17
58 65 18
58 26 11
15 44 16
27 50 15
15 61 7
99 69 26
91 28 19
98 67 16
88 9 20
13 96 29
43 63 16
0 90 8
76 80 16
92 41 14
86 73 1
65 19 9
55 31 5
3 22 10
66 9 23
18 37 14
78 58 14
79 44 16
0 81 17
86 6 9
49 58 30
26 36 19
12 59 16
90 17 30
69 14 7
69 47 15
7 53 23
11 30 24
21 91 7
35 74 22
62 66 20
50 57 15
66 83 22
33 49 1
54 96 15
62 1 29
62 98 26
60 33 11
68 1 9
25 7 27
46 73 30
58 63 8
55 67 30
8 77 7
92 39 18
68 0 11
70 43 29
38 96 30
16 56 26
62 81 25
20 90 18
62 61 19
16 58 2
48 29 21
20 99 26
89 37 3
68 31 22
10 4 26
12 13 1
41 15 22
40 61 3
72 35 6
44 62 1
48 89 3
65 24 28
6 28 13
9 92 17
59 86 24
8 91 9
96 47 20
85 87 6
47 37 6
37 11 23
19 93 14
80 86 22
91 24 7
63 92 30
59 41 17
1 14 26
65 11 14
56 35 21
82 38 24
57 42 3
74 76 5
32 54 19
34 20 14
0 10 28
26 13 23
37 56 1
25 68 4
15 81 27
38 32 10
18 6 27
73 39 23
43 25 23
36 77 4
20 78 4
40 23 29
22 19 17
13 9 21
54 80 18
20 53 9
44 96 4
37 84 3
9 70 5
95 10 19
49 21 23
4 1 10
76 6 10
21 2 5
58 38 7
40 72 13
41 22 29
2 92 26
5 93 22
64 5 22
37 17 16
38 89 14
55 4 17
51 44 22
14 37 16
14 92 9
79 89 16
36 34 7
53 39 20
90 9 5
29 50 11
25 60 5
89 12 18
85 25 4
23 61 10
79 56 27
82 22 22
6 65 12
21 6 25
31 73 5
92 73 2
33 4 11
9 71 4
64 44 16
38 55 22
28 47 27
9 12 3
71 43 13
61 31 7
50 62 28
5 73 16
52 81 25
48 75 13
80 87 1
14 42 29
41 13 11
76 75 14
83 59 24
34 51 2
18 32 29
78 36 12
95 23 6
70 46 21
92 20 16
78 84 17
26 22 18
10 34 27
42 64 7
1 12 20
40 8 23
55 78 2
5 22 4
83 71 23
91 49 17
50 91 17
94 55 5
71 4 21
32 44 19
65 99 9
48 4 2
19 95 10
68 3 10
12 19 3
15 84 28
39 15 13
56 66 14
56 22 15
57 46 19
52 28 20
71 26 20
12 39 9
10 7 15
86 39 26
57 96 25
2 7 16
61 30 22
94 30 15
12 52 11
74 11 25
69 26 23
8 2 21
56 76 21
56 78 10
63 39 30
96 4 14
20 16 29
2 10 2
15 74 16
17 43 14
73 55 14
51 84 27
49 24 26
49 27 26
2 94 3
8 19 21
70 19 14
19 85 10
74 78 13
59 87 8
54 91 17
1 56 8
41 30 10
47 82 14
67 15 15
89 77 30
20 21 19
74 50 27
30 18 30
30 97 19
60 68 1
95 16 13
0 35 9
99 63 5
73 81 29
24 80 1
61 28 11
22 48 12
69 64 16
13 75 5
25 31 9
61 80 6
43 95 25
24 59 9
70 93 9
38 67 14
68 74 27
81 82 27
86 58 23
12 66 25
80 52 5
72 48 22
46 20 6
54 38 2
71 72 16
44 74 26
35 4 3
34 69 8
29 56 16
91 63 13
2 35 16
14 25 29
79 60 23
7 67 18
14 46 24
91 58 26
15 42 26
98 13 18
85 28 7
10 94 24
54 15 20
84 22 20
83 39 25
97 85 11
89 43 6
4 37 1
49 88 1
86 69 30
89 78 27
49 62 19
28 46 28
74 24 13
17 40 29
15 78 24
30 25 20
85 66 30
31 3 24
70 59 8
62 99 15
71 25 21
60 84 19
0 14 10
67 45 27
27 89 1
53 19 21
82 64 14
86 79 10
46 83 8
82 71 10
49 82 17
46 78 11
51 5 2
1 59 1
8 55 10
32 20 2
48 18 5
25 53 27
54 2 19
3 48 30
85 51 27
77 41 27
84 32 23
30 51 6
68 10 3
33 88 26
21 94 20
49 40 3
83 57 26
19 90 18
49 93 15
11 16 5
74 10 8
6 40 27
56 80 21
9 79 22
69 43 16
18 36 22
82 5 27
73 54 27
26 25 27
75 12 24
94 33 8
99 52 26
40 57 13
8 62 3
81 16 21
75 52 10
28 0 20
87 12 10
27 21 14
0 96 24
98 83 12
29 0 29
90 99 10
56 86 4
53 97 9
74 49 15
67 52 10
18 35 21
59 65 25
2 17 26
18 27 12
93 31 1
4 76 26
13 29 17
0 87 3
28 5 18
22 23 5
7 58 5
71 44 11
63 73 21
22 0 1
87 82 17
41 98 17
7 50 15
93 85 2
94 26 10
9 51 23
59 55 4
78 81 16
20 31 2
79 82 8
96 68 12
46 6 25
55 57 17
10 11 17
42 22 4
24 18 27
3 0 4
52 20 15
37 72 7
52 18 3
86 26 12
94 65 13
56 28 21
50 2 24
31 67 1
87 19 5
20 28 23
83 51 19
12 26 28
20 7 18
92 33 27
48 61 29
35 80 25
34 6 6
91 87 1
43 5 30
98 70 8
65 42 15
50 92 28
78 92 19
28 79 10
41 28 25
78 72 14
98 15 21
42 29 19
93 74 8
26 51 19
47 45 18
40 73 12
64 87 20
29 69 29
59 46 22
83 89 14
93 34 8
15 9 11
13 56 6
30 44 18
28 23 20
92 62 9
26 33 11
19 69 22
42 62 16
62 7 5
45 63 20
89 65 30
34 27 30
87 41 23
86 29 19
20 56 19
28 18 8
22 11 17
84 74 21
9 95 4
84 77 18
13 34 22
4 69 14
77 0 14
30 6 16
74 17 20
58 47 29
23 81 21
79 2 26
74 53 24
51 20 4
57 5 14
37 1 11
2 23 27
28 93 17
54 61 24
27 24 14
48 19 6
22 24 21
26 44 17
83 49 30
73 2 10
75 26 29
24 41 14
30 54 29
89 94 26
64 36 16
38 60 6
53 48 17
93 21 20
87 92 14
58 68 15
21 51 1
29 79 24
16 43 11
17 15 17
26 29 5
65 74 18
23 94 24
96 45 24
57 37 21
39 13 16
48 55 2
44 24 17
60 50 9
25 15 5
44 90 19
66 73 26
81 50 10
17 56 7
69 36 15
36 10 29
79 30 29
17 96 15
65 52 20
17 82 30
29 76 20
87 55 16
23 49 5
85 39 26
15 90 3
12 14 20
16 73 26
70 4 21
89 99 20
10 13 16
95 52 11
11 94 6
54 43 7
22 13 1
42 82 21
61 60 1
24 77 9
37 22 7
41 55 20
96 48 7
68 4 6
20 47 11
82 8 3
69 56 9
98 66 26
73 24 9
89 5 17
35 84 27
98 71 23
99 47 6
59 61 18
15 99 26
34 26 9
10 46 7
66 45 21
85 26 12
68 70 4
20 67 28
71 66 3
31 27 20
95 84 25
74 69 18
22 9 7
42 2 24
55 16 26
14 45 16
54 21 1
43 31 14
82 36 11
23 92 9
68 30 21
14 40 13
60 43 15
1 49 11
76 41 11
51 36 20
82 46 16
74 89 8
82 98 30
75 37 13
41 74 9
92 35 8
45 36 10
21 78 21
89 7 13
84 81 24
93 64 2
31 36 30
66 20 10
65 93 30
25 66 6
14 17 6
32 7 20
23 90 26
37 61 26
10 59 16
85 20 24
54 97 17
31 4 4
13 61 22
40 33 22
23 47 18
14 16 30
84 63 27
41 79 22
52 74 2
45 52 6
90 52 27
27 67 15
68 98 7
66 3 21
20 10 26
18 1 14
35 91 12
12 92 14
80 84 5
0 34 3
5 45 5
16 70 2
34 72 7
99 30 10
12 22 15
28 64 8
64 29 8
53 76 9
98 72 30
73 88 12
75 55 30
39 94 28
98 51 20
69 95 21
46 36 24
62 28 6
63 53 7
63 49 24
85 44 14
23 80 7
85 78 23
15 86 5
85 41 11
62 86 5
64 79 17
96 95 2
26 99 10
50 15 19
24 45 7
94 5 13
41 52 22
54 7 14
17 93 10
76 26 24
41 2 5
67 1 6
88 70 27
28 68 18
80 21 3
87 94 2
32 24 18
58 69 5
91 13 22
99 59 7
17 91 28
24 34 15
0 51 25
69 27 8
32 53 16
32 51 25
42 43 2
19 36 22
95 70 7
95 73 1
79 1 16
65 64 10
85 59 14
21 30 20
66 64 22
10 37 2
27 1 3
12 60 2
80 70 2
98 9 29
19 92 18
62 12 26
78 43 2
94 6 9
9 30 22
39 18 30
51 31 1
76 42 26
26 14 30
43 76 3
9 69 4
69 5 16
0 88 19
54 84 25
25 81 29
25 35 10
50 25 18
1 24 10
94 71 20
95 25 6
81 7 5
15 80 30
81 91 30
63 26 6
3 15 18
23 14 3
6 78 9
27 2 29
63 68 4
31 50 4
92 81 15
63 20 13
87 50 29
93 80 8
32 2 7
87 2 20
67 42 10
18 67 22
99 1 14
7 75 15
22 95 27
60 81 4
62 51 19
42 58 24
45 0 30
57 14 30
46 84 27
27 35 30
90 76 18
85 86 3
22 81 3
96 30 18
65 67 9
16 97 3
60 42 22
84 71 14
12 81 11
78 54 27
59 45 15
90 82 7
40 99 17
60 47 11
77 44 13
37 87 26
81 86 4
47 44 14
95 56 27
29 5 30
29 73 2
8 25 8
97 64 26
76 9 9
47 98 8
94 93 4
30 40 13
56 74 30
20 69 23
45 51 25
91 47 12
43 59 4
7 92 27
24 37 29
58 77 24
38 11 14
96 90 17
16 38 30
13 74 26
58 76 6
3 35 8
1 11 15
59 5 21
8 47 7
79 0 9
4 16 26
21 56 26
48 34 24
41 32 19
17 69 16
6 26 29
26 65 8
72 87 8
52 14 27
82 84 8
24 64 20
90 74 1
72 59 16
24 85 24
92 30 22
53 80 13
9 38 1
0 67 16
90 42 16
3 38 19
56 54 29
49 14 2
93 42 11
73 77 20
64 30 5
66 30 2
63 72 6
18 34 27
30 57 23
67 58 19
8 64 28
37 83 4
67 39 22
28 38 12
88 56 7
18 65 21
40 68 27
75 41 7
7 30 10
81 58 8
92 57 2
32 13 30
80 40 23
75 92 17
95 78 3
88 36 20
20 44 10
12 77 30
89 21 18
70 62 28
1 42 18
55 95 16
92 90 11
87 20 5
75 57 24
1 3 12
63 7 9
16 71 8
81 69 2
89 41 10
37 46 27
49 28 21
50 83 24
66 54 24
79 54 5
87 52 2
90 62 13
34 67 29
49 20 19
25 67 7
12 56 28
31 24 2
9 6 26
30 76 5
75 82 26
69 50 6
48 52 4
72 66 25
31 79 13
46 31 12
71 55 5
74 63 20
93 27 28
41 43 19
74 95 19
32 4 30
32 86 18
56 50 22
59 28 14
77 94 28
6 69 26
2 95 26
25 13 14
40 76 17
92 93 30
86 57 30
28 80 14
83 36 22
44 84 14
84 97 17
52 19 11
36 54 9
68 95 2
64 32 7
37 25 3
24 90 2
14 88 19
11 6 24
59 26 30
73 91 12
39 28 9
89 51 27
41 47 4
63 55 1
39 47 16
46 60 7
29 15 5
32 73 29
49 31 9
72 93 21
28 17 15
10 33 19
83 81 24
18 87 3
4 80 9
10 66 20
51 73 13
65 45 11
99 23 10
92 83 13
63 70 8
62 58 5
72 60 4
78 69 19
23 4 23
54 3 8
61 46 22
19 41 10
8 57 26
25 92 18
71 6 9
69 54 11
96 10 3
19 16 12
31 14 6
99 4 1
10 45 25
36 2 25
97 38 1
88 43 5
85 43 15
4 65 16
48 15 10
3 65 17
11 88 28
61 89 28
72 57 20
80 78 8
29 91 28
38 45 8
52 34 6
38 46 9
47 34 20
13 6 23
4 40 15
26 35 17
14 86 1
14 60 10
71 64 25
20 48 18
69 31 27
12 16 24
86 42 27
94 9 17
50 88 17
63 21 18
20 14 25
64 48 26
5 46 7
96 76 9
64 86 2
0 97 2
64 45 19
25 33 27
13 54 14
24 67 21
8 48 12
85 38 2
99 55 19
92 22 3
28 87 17
43 80 17
26 88 25
29 49 28
82 77 7
98 90 15
60 88 8
70 23 30
75 49 10
71 50 22
89 91 3
97 23 13
53 13 15
21 90 27
35 60 7
1 7 15
24 30 14
99 80 15
55 23 19
22 45 20
30 90 26
76 11 27
46 51 22
21 26 18
41 42 3
87 31 20
17 13 2
82 51 25
75 83 23
89 57 2
44 66 9
20 24 1
53 72 8
38 59 29
21 13 21
84 2 7
70 65 4
89 95 19
28 55 12
64 52 26
3 23 27
10 39 29
65 22 17
58 14 7
75 97 10
86 74 25
22 27 5
29 18 14
34 75 3
46 87 16
20 73 24
34 81 11
36 22 7
92 97 26
28 26 26
47 53 3
32 12 22
80 10 2
98 30 5
58 72 22
75 9 24
81 51 13
63 37 28
95 49 12
76 23 3
99 84 28
8 89 23
63 96 8
89 67 26
87 95 2
70 44 6
93 95 26
10 24 6
41 5 1
35 23 16
25 90 11
89 22 17
74 66 3
19 61 20
47 31 11
24 9 22
81 9 8
69 8 25
61 50 27
11 91 12
93 82 24
23 16 20
5 53 30
28 16 6
3 97 16
11 60 13
74 29 28
2 96 7
88 29 7
60 78 13
14 27 11
91 2 7
74 19 26
66 87 24
25 84 23
39 11 25
63 62 28
17 80 8
50 8 10
36 25 27
7 31 23
78 49 1
44 3 2
69 40 16
88 59 21
94 48 11
97 88 7
7 43 25
2 45 28
27 12 12
36 42 22
82 41 3
72 43 16
39 58 12
28 81 14
75 27 13
15 89 4
58 70 27
7 90 11
51 88 11
62 27 10
37 48 23
13 46 20
92 54 3
60 17 12
23 78 8
66 48 15
25 4 16
73 21 6
48 17 10
71 95 9
28 10 25
28 96 5
58 94 28
48 30 23
99 22 21
78 93 28
26 73 1
26 37 6
14 90 12
62 41 15
94 46 6
29 46 28
91 43 23
0 8 14
45 62 30
82 59 25
40 74 25
93 88 18
11 52 24
23 50 25
75 11 8
20 25 30
51 77 6
1 92 17
73 82 10
52 96 18
81 63 21
13 40 6
59 75 5
26 79 20
66 47 14
70 72 2
9 91 27
91 66 19
6 98 3
62 73 7
54 42 1
43 40 22
48 46 23
50 13 22
5 47 27
37 19 25
38 1 25
16 75 2
0 18 8
33 64 9
76 82 9
11 81 13
83 97 8
34 21 29
31 1 29
24 43 17
37 15 6
37 6 14
52 92 18
52 89 9
67 74 20
78 47 24
6 15 11
75 39 13
66 31 10
72 54 20
29 58 12
31 23 19
35 12 27
75 33 18
4 93 18
95 57 13
81 3 1
68 23 16
34 9 30
41 53 5
38 33 17
69 88 4
4 91 19
38 0 10
81 1 11
34 55 11
67 13 3
24 78 17
65 82 18
25 73 21
89 96 20
8 61 22
97 81 7
26 0 4
89 33 20
25 88 21
68 93 18
53 78 10
32 50 30
27 39 1
16 65 13
5 99 3
34 44 9
3 37 26
52 43 14
42 24 27
31 28 22
42 79 3
45 16 28
46 52 13
54 86 7
20 22 11
57 27 28
25 49 1
61 2 22
90 59 5
92 13 13
30 14 1
96 67 27
10 92 26
2 82 7
85 53 8
78 57 20
69 52 16
89 76 2
46 35 6
54 65 10
7 72 5
14 51 26
54 87 14
1 61 28
62 67 22
99 33 25
87 61 4
35 43 8
24 66 21
17 24 7
77 37 30
51 69 1
10 88 20
46 71 18
73 19 5
53 95 21
29 93 15
39 33 13
19 46 20
14 39 5
39 20 18
65 7 5
9 97 2
17 62 28
23 6 15
99 68 29
97 5 7
88 89 18
8 18 14
68 92 15
65 13 15
97 93 16
3 79 10
24 68 27
55 89 1
5 85 20
61 27 1
85 62 18
26 15 28
90 1 16
22 49 1
7 17 26
58 27 17
79 32 12
69 46 1
63 69 11
30 38 2
80 45 18
22 47 3
45 48 3
11 97 2
80 72 20
38 92 14
73 48 21
83 78 19
41 49 4
4 81 4
18 2 16
73 76 22
41 86 30
74 91 30
1 98 26
18 50 16
31 22 18
98 26 23
63 78 10
14 56 21
97 79 8
95 5 22
96 3 5
69 76 25
69 72 2
66 51 1
35 14 18
90 84 4
76 67 3
23 82 9
78 97 21
48 69 22
33 74 28
50 22 13
15 51 3
44 42 29
58 8 2
15 12 12
75 87 11
77 62 28
75 91 24
39 42 16
59 36 30
45 12 10
91 92 23
62 18 5
95 47 15
67 93 16
56 25 3
87 23 27
30 15 19
51 38 25
62 52 25
42 46 16
65 36 15
17 97 5
22 38 29
97 44 30
29 16 28
58 17 24
64 34 2
12 91 1
11 3 14
65 9 13
77 49 18
43 81 15
14 9 27
38 21 8
7 85 3
63 34 30
12 44 14
3 64 1
34 73 20
96 22 12
92 88 10
33 28 17
60 59 13
25 28 12
22 52 3
10 84 7
66 50 12
24 33 23
52 56 25
66 4 17
66 43 13
38 77 18
29 2 14
68 32 11
48 80 6
24 7 17
99 95 24
77 64 18
59 40 15
7 21 12
32 80 20
36 76 13
1 45 16
81 80 6
22 17 23
79 50 27
97 40 13
18 44 29
43 62 6
7 18 2
3 20 11
7 98 22
84 40 10
49 98 16
72 19 22
41 33 20
89 20 6
48 31 21
51 92 28
81 93 1
81 65 15
0 27 25
96 27 28
31 30 5
12 65 21
5 98 1
45 93 23
51 79 11
87 43 6
16 10 20
60 37 4
17 47 7
89 45 1
50 41 10
54 1 12
82 28 3
3 76 19
83 68 1
95 75 22
26 83 1
27 60 6
22 91 30
19 96 24
67 2 28
42 63 17
77 15 4
38 53 10
74 28 1
36 4 21
66 8 26
21 46 11
22 8 5
11 62 21
72 30 9
13 66 5
58 30 6
70 13 28
35 59 25
93 41 1
50 64 1
15 91 6
14 66 25
39 72 25
77 5 22
32 96 24
96 73 30
66 40 14
16 36 23
78 9 30
10 70 23
55 14 13
89 4 20
78 28 30
87 68 3
42 32 10
4 2 2
57 21 3
3 59 2
80 8 2
63 97 17
15 14 1
50 37 28
13 64 25
71 5 7
23 79 1
27 46 20
28 9 19
51 75 14
54 88 18
56 36 28
59 48 6
5 11 29
25 62 30
39 7 26
81 61 13
7 23 8
75 78 21
18 31 30
95 33 24
43 15 16
63 54 22
33 12 24
18 19 18
13 5 3
33 36 4
0 43 28
45 34 15
94 22 29
35 76 20
48 9 20
19 9 24
12 64 28
1 48 28
92 69 18
81 40 14
65 78 15
35 21 3
70 14 8
72 99 27
91 77 5
71 53 12
55 1 16
66 70 25
1 21 3
65 96 16
11 48 19
46 1 14
14 6 27
76 28 22
19 98 28
97 34 2
76 1 16
76 22 18
6 88 20
72 52 26
42 48 5
52 54 13
41 99 7
37 58 24
28 7 6
54 27 17
21 75 29
42 37 28
46 44 10
41 45 18
74 99 10
2 6 7
51 37 9
79 74 17
90 3 16
18 54 15
73 13 22
82 15 25
19 14 19
32 52 20
72 85 10
13 63 9
87 6 25
2 46 27
16 80 30
57 62 5
10 21 7
37 96 3
5 12 13
41 95 17
24 4 22
81 20 29
54 24 26
84 73 24
32 57 23
26 23 23
12 53 17
33 46 12
6 93 28
98 16 27
93 77 17
88 66 6
14 89 20
2 63 25
81 98 9
4 60 1
19 86 7
26 52 28
22 40 5
90 4 25
5 8 6
79 52 23
91 42 28
56 27 10
49 56 28
89 92 9
67 88 5
86 33 19
56 18 19
68 7 21
91 60 25
5 56 12
66 81 6
98 21 15
93 99 25
3 45 27
34 87 16
15 66 9
28 45 9
75 22 16
90 89 25
57 2 7
95 91 25
27 36 26
40 47 13
90 27 18
79 96 23
78 91 19
5 80 14
66 42 28
57 69 7
50 47 24
72 26 1
29 68 15
58 52 2
31 89 26
67 92 25
58 10 13
51 65 14
98 29 1
70 90 25
37 5 9
76 61 1
91 31 19
19 50 21
33 67 8
49 90 30
9 10 27
28 13 9
99 13 28
56 39 23
3 7 6
73 12 22
69 62 9
67 61 15
59 97 28
88 55 10
17 23 30
34 49 7
39 49 18
94 81 15
36 24 11
79 47 22
80 63 2
29 89 11
31 56 28
64 92 27
8 65 3
29 32 10
46 64 3
77 70 9
72 25 26
14 54 28
23 52 2
96 53 28
47 2 30
70 97 16
6 43 3
59 92 25
56 19 28
62 32 16
80 65 18
77 22 23
30 45 27
21 39 23
16 34 12
60 82 28
72 45 23
96 34 11
64 80 10
27 11 21
97 12 1
58 43 21
40 60 30
56 64 13
56 53 7
85 90 30
34 99 3
86 91 17
26 47 2
10 89 19
5 7 2
44 35 8
72 55 21
30 63 14
33 29 25
36 60 10
31 35 10
6 44 25
73 49 28
33 71 1
63 14 29
83 90 12
19 89 5
72 91 4
69 42 19
78 48 22
79 68 6
13 82 28
47 33 18
96 11 6
2 70 9
2 55 26
82 45 16
3 73 11
79 27 15
91 39 10
81 68 26
94 57 14
13 49 26
77 55 11
67 83 24
38 4 14
80 92 20
57 90 23
73 79 1
45 31 9
91 76 2
68 12 1
76 68 26
19 44 27
81 17 21
19 71 3
38 15 22
26 68 12
95 28 24
1 33 3
98 37 3
89 40 10
7 35 25
58 46 28
56 59 4
51 90 11
26 74 18
23 83 21
65 91 18
32 97 6
78 37 15
26 90 16
75 81 4
92 66 3
89 81 29
54 93 14
50 40 12
82 97 15
53 49 17
3 36 20
31 96 8
63 15 1
71 13 9
24 2 7
28 37 28
48 71 14
22 15 9
40 19 12
6 29 28
66 6 27
40 53 16
92 58 14
90 60 11
64 95 6
79 25 25
39 44 10
26 93 7
44 67 1
43 48 17
11 61 22
54 51 5
4 52 30
34 2 12
59 68 30
18 71 24
24 23 28
16 67 15
22 21 24
18 85 4
85 21 19
39 41 10
16 66 1
16 42 28
66 80 11
78 86 28
36 86 4
97 95 4
30 23 20
91 33 8
13 78 3
30 82 7
28 57 9
28 99 2
53 23 1
70 6 8
14 22 16
88 77 2
44 75 16
74 61 28
84 26 16
45 94 15
77 39 19
36 93 8
98 58 21
46 92 19
50 65 2
79 21 4
70 21 24
11 89 2
76 72 10
14 84 27
1 2 8
82 43 8
38 99 12
4 84 29
83 88 24
65 40 6
86 96 26
13 86 18
37 62 17
78 71 16
51 33 11
88 81 25
25 1 1
9 67 3
90 32 17
59 22 21
28 12 15
50 0 26
87 96 17
82 25 2
20 57 1
0 76 27
2 76 22
55 42 29
25 3 4
96 49 10
91 99 3
53 73 3
39 37 8
89 73 24
73 35 17
48 85 4
27 4 7
38 41 20
60 15 30
3 80 8
71 56 21
89 39 30
45 88 19
99 3 11
59 16 25
60 57 15
89 2 3
90 72 11
32 85 9
99 6 25
70 24 17
97 68 1
37 0 6
35 51 24
98 65 8
92 53 4
75 96 3
24 83 24
27 44 25
37 44 3
47 24 23
0 54 9
6 17 18
85 13 12
50 76 6
81 27 8
34 33 16
60 86 14
88 13 28
88 22 5
11 4 26
45 50 8
5 36 13
35 30 15
15 62 27
50 30 3
3 33 25
41 80 13
83 72 10
13 38 12
56 44 26
33 15 25
98 53 6
11 36 25
55 24 30
93 69 8
25 46 5
72 32 10
69 82 21
98 12 29
54 8 3
43 98 13
96 88 7
93 20 16
13 48 22
63 75 27
36 90 6
57 47 1
20 74 27
0 74 29
9 73 29
82 99 17
70 11 26
35 38 6
40 27 1
96 70 2
1 58 14
60 26 17
23 69 23
40 31 11
77 26 2
34 12 26
69 85 7
34 90 27
70 25 10
58 64 11
18 96 3
7 84 11
0 69 6
57 22 19
8 23 4
38 2 4
57 98 5
36 39 5
83 74 17
40 83 29
48 95 18
95 13 24
17 26 18
89 0 24
31 75 22
37 80 17
69 2 4
81 74 19
95 8 7
64 63 10
63 79 18
27 94 11
9 5 5
98 44 20
55 21 11
42 9 6
7 0 17
10 18 3
3 55 6
18 9 7
53 46 15
47 52 21
56 2 10
75 40 22
23 34 9
88 90 7
58 24 9
37 53 20
47 7 22
62 82 4
36 13 22
6 8 21
54 77 18
90 80 28
26 18 2
27 74 7
16 49 20
32 56 28
38 81 20
85 63 2
43 32 14
60 16 16
72 0 3
45 29 19
8 85 6
62 16 6
28 77 19
1 78 13
84 19 16
71 76 6
1 80 11
31 81 9
83 95 30
51 7 23
22 35 20
25 96 4
73 94 28
81 87 22
16 93 10
98 55 18
97 72 20
14 38 16
13 18 30
83 28 28
41 12 15
98 38 25
82 18 26
87 86 12
43 11 25
95 58 25
0 78 24
63 56 25
77 46 23
3 56 17
86 90 22
41 25 16
21 66 3
33 22 30
60 41 17
68 48 19
65 87 11
66 28 17
86 45 5
26 11 12
44 40 28
12 83 7
44 25 19
1 6 21
37 36 7
32 60 15
58 41 2
47 25 9
32 21 1
29 87 23
62 56 12
53 55 29
81 19 9
62 64 3
12 90 20
3 17 7
30 33 13
54 81 24
59 0 4
11 85 19
15 70 14
40 15 3
64 81 25
35 85 15
20 86 1
66 41 22
93 50 13
56 10 19
65 88 2
40 18 4
7 38 18
50 11 6
88 79 19
48 24 10
5 35 14
36 81 20
8 21 1
16 37 19
97 22 8
92 3 7
6 3 4
70 48 12
72 10 29
21 84 28
61 21 14
71 68 27
4 19 6
29 63 8
33 43 28
53 70 5
38 95 6
87 25 29
63 90 19
15 94 21
0 9 5
44 38 11
75 42 29
79 19 28
38 5 10
23 44 15
39 46 15
0 36 22
0 6 11
49 37 2
27 13 11
45 57 4
87 32 10
24 96 17
91 56 17
61 47 2
45 46 20
87 35 4
63 31 12
77 53 18
32 28 14
49 66 18
86 49 13
81 33 16
98 45 27
87 53 23
92 0 28
44 80 10
12 95 14
60 5 3
32 37 6
21 77 18
41 23 18
88 19 20
36 98 11
39 57 13
80 34 1
10 15 12
39 2 3
10 6 5
49 6 7
54 9 11
15 83 23
2 11 14
55 65 8
68 84 17
87 9 27
73 17 12
26 19 14
46 17 18
87 40 6
24 52 10
65 39 28
72 86 1
83 61 19
1 22 5
62 34 21
69 44 8
21 60 3
7 59 10
17 53 27
87 17 30
21 62 9
76 33 2
92 86 4
73 93 5
36 95 10
87 13 26
21 19 28
1 60 28
97 20 7
14 28 19
85 27 16
95 88 30
10 1 14
93 76 23
82 88 17
55 33 17
82 80 3
12 36 10
60 92 26
57 6 23
19 0 25
53 8 6
31 98 22
65 21 26
64 10 5
1 91 28
49 76 12
67 97 7
42 10 26
20 76 24
14 5 13
55 12 27
21 59 29
64 78 25
89 70 11
40 11 21
77 4 11
99 67 3
20 40 21
1 30 17
93 71 21
18 51 4
87 8 14
61 77 3
69 21 12
87 33 28
58 57 3
21 71 6
79 57 25
14 47 1
32 31 1
61 85 22
51 68 30
27 10 21
99 54 14
25 80 18
80 27 7
99 70 9
2 30 19
80 2 22
73 28 12
10 5 10
23 12 21
47 68 21
20 70 20
63 5 18
47 81 10
47 10 24
38 70 9
59 74 7
45 23 28
0 58 16
66 38 10
98 25 12
23 1 22
82 66 23
2 25 12
59 47 22
6 79 24
26 61 14
25 18 23
53 52 17
95 14 27
37 93 1
37 33 30
71 45 21
6 47 30
99 19 8
61 91 19
54 90 27
85 91 12
90 45 7
4 50 11
58 4 13
37 2 2
31 99 17
5 6 3
77 16 17
11 55 28
10 38 19
70 79 19
95 24 9
8 98 25
12 8 6
73 75 10
0 13 10
56 7 21
15 47 21
79 14 11
69 25 4
48 39 2
90 77 7
61 72 20
87 14 26
91 3 8
1 29 19
57 97 11
90 95 5
66 58 25
40 63 23
0 12 30
34 29 25
96 77 23
93 0 14
29 51 5
38 75 3
98 93 5
11 93 24
59 69 20
4 43 21
2 93 22
96 98 9
53 68 26
79 84 26
32 89 16
41 63 1
73 36 2
41 31 20
69 38 8
18 70 15
25 94 5
0 55 18
28 60 3
99 86 12
48 47 28
72 44 7
46 18 8
59 30 10
49 36 12
68 56 27
70 22 15
70 73 4
20 64 30
62 54 8
66 19 4
72 65 26
51 4 12
5 79 9
25 57 13
39 6 11
49 2 7
56 65 15
17 77 17
32 0 3
16 24 23
15 23 10
56 92 8
37 45 3
23 36 17
61 65 21
0 52 11
86 22 10
19 64 5
62 22 12
88 17 17
93 52 7
16 13 17
81 29 16
99 92 29
30 53 3
0 80 24
31 82 7
51 97 3
22 34 8
8 88 15
12 57 25
18 49 17
71 67 16
19 82 23
29 94 12
12 20 3
91 94 10
51 94 10
80 75 13
35 52 4
26 7 23
4 13 13
90 75 1
44 92 4
79 98 29
53 22 3
80 7 6
57 52 3
71 22 19
80 94 16
22 6 14
66 77 5
99 45 30
81 57 21
56 77 30
62 71 21
59 93 1
68 86 1
97 25 15
60 52 19
31 84 17
66 97 22
85 94 20
70 5 4
62 13 22
0 11 1
17 84 11
71 63 7
93 15 17
42 38 1
81 24 11
51 53 23
8 26 20
16 64 6
93 47 27
64 43 17
41 81 30
7 97 23
45 26 16
19 5 30
9 83 7
10 79 11
47 29 15
4 85 6
79 91 22
0 91 20
66 76 25
52 88 9
67 79 3
77 25 14
39 76 8
4 34 21
52 5 24
88 2 22
28 94 8
5 44 27
7 45 18
87 70 16
51 55 14
51 57 27
11 9 24
31 71 29
77 43 13
52 63 4
20 59 15
96 72 12
28 24 20
28 42 18
80 83 6
39 35 10
37 85 8
32 69 7
94 44 15
62 89 28
18 73 8
1 8 3
35 58 3
80 50 16
94 59 1
99 9 21
92 79 14
7 11 7
10 97 20
34 70 18
7 82 1
35 37 13
97 90 23
26 38 10
60 45 2
69 45 11
84 66 27
16 63 29
88 1 16
77 59 1
92 71 30
20 42 30
44 52 5
42 0 11
82 37 16
83 44 2
86 98 22
32 1 22
63 24 11
56 90 13
65 83 16
84 18 23
11 17 16
17 75 28
45 75 13
62 80 19
32 14 28
78 5 6
85 82 18
65 73 3
46 88 13
61 93 18
76 94 27
60 94 11
39 78 15
11 21 12
23 67 14
17 94 5
16 79 10
16 57 4
65 60 23
94 0 18
67 86 25
86 97 29
56 85 26
16 27 15
27 98 23
84 75 13
81 99 21
7 9 2
11 12 24
10 23 5
79 59 7
54 70 15
42 61 22
65 62 6
9 35 30
95 44 19
89 63 21
60 22 19
14 21 15
62 96 15
99 42 16
75 36 17
92 40 5
20 80 9
47 16 25
55 90 14
26 24 30
44 4 26
76 62 16
77 95 6
34 85 14
56 83 8
93 8 26
42 85 18
89 30 16
78 41 14
14 74 24
75 28 21
56 61 1
84 33 20
64 61 2
39 3 15
79 18 24
53 10 1
13 81 6
67 51 2
45 33 14
88 5 27
50 77 24
39 32 2
84 98 11
74 80 5
85 29 25
67 3 27
96 8 6
61 10 8
34 68 21
58 96 10
39 82 20
20 60 18
10 22 25
27 68 2
46 0 17
36 28 5
96 59 27
19 15 14
33 79 11
96 61 29
15 85 11
92 70 25
31 64 14
59 76 29
19 10 21
90 94 22
52 17 27
99 66 21
33 27 22
9 8 21
96 43 16
72 41 30
13 93 21
70 39 10
6 90 29
31 39 26
6 33 21
57 73 23
95 30 4
52 15 10
19 78 25
55 92 14
61 3 28
31 88 8
95 59 24
94 7 5
79 49 25
3 50 26
80 18 5
39 74 5
72 51 5
38 84 5
93 14 22
60 51 16
17 39 3
10 54 16
51 19 1
12 67 17
87 4 20
11 56 12
63 61 20
50 17 9
92 6 11
94 4 5
91 98 8
82 91 15
58 50 8
51 40 12
24 87 10
97 58 11
45 78 2
32 71 6
46 9 3
34 50 27
28 2 21
48 98 26
36 87 28
57 15 15
60 24 18
10 52 9
97 43 10
11 47 2
90 29 9
2 13 13
11 99 23
25 83 17
64 96 5
73 90 8
25 24 8
16 41 25
13 20 12
26 56 29
80 13 6
91 53 3
56 73 6
46 8 9
65 44 5
57 93 11
72 18 10
11 28 2
3 94 30
79 87 19
6 84 22
86 55 25
41 46 10
91 25 11
41 90 6
86 12 26
37 59 10
85 89 9
10 76 10
66 26 29
22 2 18
99 46 27
9 61 25
12 70 2
2 99 6
88 35 1
33 21 7
42 78 29
71 86 14
58 28 1
92 34 5
55 79 19
59 15 12
23 54 6
18 20 19
47 90 4
37 29 19
58 84 15
26 54 13
51 12 9
93 12 9
57 36 23
77 81 3
99 53 26
29 83 9
57 70 9
69 3 5
0 23 10
46 93 18
9 74 3
58 18 6
61 6 13
12 21 26
99 8 30
58 79 14
15 88 10
53 61 15
9 33 2
16 94 10
65 71 5
51 22 14
83 45 23
79 7 4
17 78 26
28 67 3
53 62 8
9 41 19
21 29 12
58 20 29
69 68 8
73 60 17
23 65 28
61 94 12
24 51 7
50 59 28
0 15 23
75 1 29
70 45 29
81 95 3
43 47 11
83 93 20
28 71 13
14 11 17
61 78 4
12 88 6
39 0 16
44 59 17
84 56 23
13 97 3
19 83 15
58 45 14
55 39 7
6 77 23
56 42 14
57 26 1
79 40 24
68 62 13
6 97 18
66 65 23
34 66 26
89 49 6
14 36 10
22 66 1
78 10 17
29 30 16
19 68 27
32 75 13
38 87 2
94 53 5
53 31 5
32 66 30
31 62 6
39 51 10
35 67 7
42 84 21
17 45 16
69 41 15
30 67 15
65 86 7
98 24 3
22 90 12
30 3 23
63 60 26
47 62 5
34 83 7
86 47 25
26 9 7
83 2 12
0 44 10
47 89 23
91 23 16
43 14 7
54 33 28
7 77 17
96 60 23
42 59 11
36 8 5
74 25 15
29 75 20
67 46 4
34 57 16
57 41 16
9 25 26
34 94 14
43 45 24
57 53 16
26 46 8
14 82 16
97 21 22
25 34 26
40 29 8
91 96 30
8 34 25
94 32 10
14 29 19
30 13 26
43 51 29
26 53 14
44 61 21
85 36 12
39 9 13
53 66 22
4 82 24
89 17 14
45 11 10
4 41 1
95 82 29
10 99 22
87 11 21
53 34 6
96 26 2
90 79 25
98 52 11
77 63 22
58 89 28
94 70 15
0 85 27
47 12 10
20 19 3
63 28 22
56 75 20
35 8 16
48 86 19
72 12 26
88 44 22
89 71 8
46 98 9
35 36 16
17 85 28
53 50 15
71 8 20
77 76 9
52 70 30
5 66 13
34 60 8
12 58 16
66 57 13
44 13 7
70 41 10
22 78 3
68 13 1
84 92 11
95 94 13
32 93 24
9 60 17
19 77 28
17 9 22
60 62 25
92 94 18
19 59 10
33 72 21
79 13 1
10 41 16
8 83 5
94 43 21
42 88 11
4 21 14
72 49 22
76 98 12
99 85 1
46 90 3
37 90 4
68 52 7
41 68 30
17 41 28
61 18 15
63 3 18
67 22 19
67 72 15
23 29 11
49 60 30
77 80 22
27 15 24
49 84 4
95 1 27
10 93 21
21 76 24
2 75 29
17 65 9
34 3 6
80 59 30
8 76 3
78 27 14
85 71 7
7 76 20
27 55 15
73 71 19
36 44 8
10 43 3
35 78 21
41 54 15
60 23 2
54 76 15
67 10 16
93 38 17
5 48 17
49 0 19
45 40 6
46 86 27
51 16 18
80 33 2
66 89 28
11 29 18
70 36 17
29 8 1
35 6 20
71 79 7
51 71 12
59 25 20
54 48 16
5 25 30
35 54 21
52 77 4
11 71 1
36 97 8
81 2 5
49 85 16
49 4 16
92 26 7
82 29 14
59 9 26
41 35 23
22 18 3
26 67 23
19 45 25
4 75 23
36 66 4
56 82 24
82 67 21
35 71 9
69 73 29
97 29 4
37 95 21
55 54 10
99 7 21
20 72 9
21 0 1
7 44 1
49 97 10
61 95 7
63 4 20
25 64 24
87 3 10
25 29 4
68 90 21
49 87 19
79 61 20
79 45 25
10 62 17
23 57 14
26 81 18
42 3 25
5 31 9
30 32 13
33 7 25
88 21 18
10 86 1
29 12 30
40 64 17
54 12 5
9 52 28
27 99 6
31 9 2
86 52 22
94 36 5
40 21 21
40 56 13
35 1 25
97 8 24
14 2 1
55 85 1
27 65 10
98 0 10
82 20 29
2 98 28
29 41 19
13 60 6
73 43 23
16 17 14
31 2 21
1 19 25
32 74 4
50 96 17
69 79 1
56 43 29
9 86 28
23 51 6
74 18 24
60 54 2
90 40 18
55 32 30
86 27 11
39 30 5
75 18 8
81 32 13
27 59 12
26 95 4
15 7 25
12 38 19
43 23 2
18 14 30
64 84 16
16 48 25
23 64 23
74 43 27
46 24 6
59 64 25
77 87 12
6 96 7
82 0 5
46 11 15
73 78 7
14 24 19
10 44 21
96 33 8
80 47 8
5 81 22
15 36 4
77 47 17
61 92 4
51 80 3
94 67 25
10 48 6
33 57 25
97 71 27
44 60 4
79 83 25
65 68 22
2 68 24
27 38 3
19 28 6
14 53 7
67 32 5
6 4 22
76 27 25
99 88 28
36 32 27
41 56 27
56 98 16
97 41 4
8 32 30
18 16 17
77 67 7
18 83 26
87 98 25
1 89 1
52 50 9
49 45 19
45 53 7
24 88 20
70 17 23
60 64 25
79 24 18
26 4 3
50 28 22
86 5 17
97 2 2
22 32 23
48 7 10
76 83 21
42 98 7
1 0 9
45 6 2
94 75 22
24 86 15
43 67 10
82 54 22
15 13 7
1 94 22
3 12 23
92 32 24
68 35 9
85 98 19
49 64 29
11 44 12
70 0 28
84 86 14
67 8 28
23 39 19
57 11 2
89 60 2
38 61 4
39 61 11
31 77 15
31 17 20
85 79 15
9 1 9
88 85 24
5 83 4
18 21 4
44 50 4
55 74 9
55 69 5
18 97 30
57 29 15
8 44 20
79 34 10
69 67 5
73 87 23
87 62 24
18 94 12
25 11 8
90 81 20
28 51 7
68 80 5
91 36 13
32 11 14
16 61 29
66 95 13
33 82 9
5 20 4
64 26 6
92 98 2
56 89 18
26 1 23
28 29 19
43 2 15
73 11 25
32 40 21
21 42 3
81 79 13
81 8 26
49 47 27
51 2 11
36 47 29
35 81 6
74 75 2
78 32 9
57 82 28
57 77 20
9 16 24
5 17 24
55 46 10
41 40 7
6 51 28
22 29 22
80 9 8
61 68 30
78 34 19
13 14 8
22 69 18
27 32 17
0 83 8
5 92 23
48 44 23
40 70 27
34 58 27
72 1 2
59 62 20
70 32 25
88 20 13
69 65 7
57 19 7
21 25 12
95 17 4
12 96 18
86 2 6
42 81 17
41 67 18
64 85 27
69 66 6
71 39 9
47 32 3
31 72 16
83 52 13
9 43 3
29 19 25
86 1 24
15 20 7
77 68 14
48 77 18
75 88 24
8 79 13
5 76 16
96 20 7
49 12 22
3 40 13
75 10 24
5 2 2
75 19 6
68 94 30
96 1 28
39 79 3
37 81 26
5 74 22
11 54 24
10 25 2
67 68 12
5 3 9
3 57 27
19 43 24
28 4 8
54 59 16
92 48 17
48 74 12
73 38 14
43 55 5
62 97 16
34 14 8
45 73 7
20 43 28
75 46 3
45 68 22
67 50 28
87 15 17
73 1 12
60 80 25
8 75 12
57 65 24
74 22 5
21 5 21
62 14 20
41 71 29
38 39 19
56 45 6
66 60 5
56 57 3
61 24 4
8 51 2
5 32 5
37 93
